42662884646482446246281517311137513715175977993311559173533113339559513199137195393355488626848468224
44866246484826428284637355119391371537197993531953171571777911313773775795335737995551715246888682668
62844268226848822242115193753771113371719797737599373351353511133133355933115951715331533768228628882
22266228482484442849739159399771771595391575119717973739735795777913791939531151333315739164884624462
26864244426484444811111377353993391977173937179111591591771975791371337577264428733137715722248266468
24644866266624248191771995319595337953137571513395791119537179995151575536868862824157133526866646282
62222622648282481393591175799971375955975137951937351179155115375771137368286644465115175122862884428
62424688842626671771155539371555517799335951713119517359931133517557977488226842442553577288288488628
66264446228628577391519773393191773119597791395177959915199173735759172686446468661915352684642846468
44444844648481959951793551559171335955311759591153557537175177757933922682888662459779586486466264668
42422648482851351191355995157799351597311317953791555975571775373553842286268682595195884244264824622
26664288646737151515197337173577757753551551139155993711379719935554422624286657773582286288622426646
28664868465977375355979579979991995113397115577111959137393171193962862642821739535286848286262622486
48468826673973191753557119373933917759113197133337133973937575777624686463131315524822828266628622448
24684428739757999733731719971117999171159971571913397779113795133377115793999164844882488862648888446
64242689557151173533111931715339353355331395759775397711915939973551315911948626242224264626846466684
28488895131555531331957195331199335151975999593153799951171359997977393566824662864482422882628222446
84266377337917931355197333751373351717793559715575397997737935737976848628444466428426284468442242286
82447191175577173335195177953977915577537571711717731915991184226428424242224822824642824868648266242
48275711151333533993795717175315951519733713111911137111991664444662286682442886244464846282646884868
44531311137339373199775175951515557157911177315799519579352222628844428622648486846444646224864268864
86877915715735373371359133171135153579579319759195991313988284464682484422466868282664822622266428666
26577999397773593195111737179795935331553357733957579126228226222246624484662664228868686268426626628
66671779371919573317597957911559157517173119591731124488422682824868448684228222264266666626488248824
88268688868824468286222688886226844448864422668624248448866662664644828282824435735193755753719119115
99113935735139933313931713197995733917575711313171353331373559735519779711428113937151975159199919593
91937399571797753119715955591153575997191133515353135195797719933591119544261179957791517375717991797
39177595111599353317777715939559959153335951393959737179753177999357337682282755193791539199953559977
11731997791959153595971379951379597319519333733377719753313131717593442866687175575373377355955951719